(kicad_pcb (version 20171130) (host pcbnew 5.1.6)

  (general
    (thickness 1.6)
    (drawings 14)
    (tracks 1076)
    (zones 0)
    (modules 135)
    (nets 102)
  )

  (page A4)
  (layers
    (0 F.Cu signal)
    (1 In1.Cu signal)
    (2 In2.Cu signal)
    (31 B.Cu signal)
    (32 B.Adhes user)
    (33 F.Adhes user)
    (34 B.Paste user)
    (35 F.Paste user hide)
    (36 B.SilkS user)
    (37 F.SilkS user)
    (38 B.Mask user)
    (39 F.Mask user hide)
    (40 Dwgs.User user)
    (41 Cmts.User user hide)
    (42 Eco1.User user)
    (43 Eco2.User user)
    (44 Edge.Cuts user)
    (45 Margin user)
    (46 B.CrtYd user)
    (47 F.CrtYd user)
    (48 B.Fab user)
    (49 F.Fab user hide)
  )

  (setup
    (last_trace_width 0.344231)
    (user_trace_width 0.2)
    (user_trace_width 0.254)
    (user_trace_width 0.344231)
    (user_trace_width 0.407729)
    (user_trace_width 0.508)
    (user_trace_width 1)
    (trace_clearance 0.15)
    (zone_clearance 0.15)
    (zone_45_only no)
    (trace_min 0.15)
    (via_size 0.6)
    (via_drill 0.3)
    (via_min_size 0.6)
    (via_min_drill 0.2)
    (user_via 0.8 0.5)
    (user_via 1.3 1)
    (uvia_size 0.5)
    (uvia_drill 0.2)
    (uvias_allowed no)
    (uvia_min_size 0.2)
    (uvia_min_drill 0.1)
    (edge_width 0.05)
    (segment_width 0.2)
    (pcb_text_width 0.3)
    (pcb_text_size 1.5 1.5)
    (mod_edge_width 0.12)
    (mod_text_size 1 1)
    (mod_text_width 0.15)
    (pad_size 1.524 1.524)
    (pad_drill 0.762)
    (pad_to_mask_clearance 0.051)
    (solder_mask_min_width 0.25)
    (aux_axis_origin 0 0)
    (visible_elements FFFFFFFF)
    (pcbplotparams
      (layerselection 0x010fc_ffffffff)
      (usegerberextensions false)
      (usegerberattributes false)
      (usegerberadvancedattributes false)
      (creategerberjobfile false)
      (excludeedgelayer true)
      (linewidth 0.100000)
      (plotframeref false)
      (viasonmask false)
      (mode 1)
      (useauxorigin false)
      (hpglpennumber 1)
      (hpglpenspeed 20)
      (hpglpendiameter 15.000000)
      (psnegative false)
      (psa4output false)
      (plotreference true)
      (plotvalue true)
      (plotinvisibletext false)
      (padsonsilk false)
      (subtractmaskfromsilk false)
      (outputformat 1)
      (mirror false)
      (drillshape 1)
      (scaleselection 1)
      (outputdirectory ""))
  )

  (net 0 "")
  (net 1 GND)
  (net 2 +3V3)
  (net 3 "Net-(D7-Pad2)")
  (net 4 "Net-(BT1-Pad1)")
  (net 5 "Net-(C5-Pad2)")
  (net 6 "Net-(C9-Pad1)")
  (net 7 "Net-(C12-Pad2)")
  (net 8 "Net-(C13-Pad2)")
  (net 9 "Net-(C13-Pad1)")
  (net 10 /RESET_b)
  (net 11 /display/VDD)
  (net 12 /display/VPP)
  (net 13 /display/VSH)
  (net 14 /display/PREVGH)
  (net 15 /display/VGL)
  (net 16 /display/VSL)
  (net 17 /display/VGH)
  (net 18 /display/PREVGL)
  (net 19 /display/VCOM)
  (net 20 "Net-(C26-Pad2)")
  (net 21 "Net-(C26-Pad1)")
  (net 22 "Net-(C28-Pad2)")
  (net 23 +36V)
  (net 24 +5V)
  (net 25 /ADC_IN)
  (net 26 "Net-(C37-Pad1)")
  (net 27 /GPIO/BTN_UP)
  (net 28 /GPIO/BTN_DOWN)
  (net 29 /GPIO/BTN_LEFT)
  (net 30 /GPIO/BTN_RIGHT)
  (net 31 /BTN_OK)
  (net 32 "Net-(C47-Pad1)")
  (net 33 "Net-(D1-Pad2)")
  (net 34 "Net-(D5-Pad1)")
  (net 35 "Net-(D6-Pad1)")
  (net 36 /SPI1_MOSI)
  (net 37 /SPI1_SCK)
  (net 38 /SPI1_PCS0)
  (net 39 /~DP_RST)
  (net 40 /DP_BUSY)
  (net 41 /display/TSDA)
  (net 42 /display/TSCL)
  (net 43 /display/RESE)
  (net 44 /display/GDR)
  (net 45 /display/HLT_CTL)
  (net 46 /regulator_out/pwm_out)
  (net 47 "Net-(Q2-Pad3)")
  (net 48 "Net-(Q3-Pad3)")
  (net 49 /TPM0_CH1)
  (net 50 /TPM0_CH3)
  (net 51 /TPM0_CH2)
  (net 52 /I2C1_SCL)
  (net 53 /I2C1_SDA)
  (net 54 /DAC0_OUT)
  (net 55 "Net-(TP2-Pad1)")
  (net 56 "Net-(TP3-Pad1)")
  (net 57 "Net-(TP4-Pad1)")
  (net 58 "Net-(TP5-Pad1)")
  (net 59 /SWD_DIO)
  (net 60 /SWD_CLK)
  (net 61 "Net-(U2-Pad7)")
  (net 62 "Net-(U3-Pad7)")
  (net 63 /~BTN_INT)
  (net 64 "Net-(U8-Pad12)")
  (net 65 "Net-(U8-Pad11)")
  (net 66 "Net-(U8-Pad10)")
  (net 67 "Net-(U9-Pad6)")
  (net 68 /LPUART0_TX)
  (net 69 "Net-(U1-Pad30)")
  (net 70 "Net-(U1-Pad31)")
  (net 71 "Net-(U1-Pad22)")
  (net 72 "Net-(U1-Pad21)")
  (net 73 "Net-(U1-Pad5)")
  (net 74 "Net-(U1-Pad11)")
  (net 75 "Net-(U1-Pad12)")
  (net 76 "Net-(U1-Pad14)")
  (net 77 "Net-(U1-Pad18)")
  (net 78 "Net-(U1-Pad19)")
  (net 79 "Net-(U1-Pad25)")
  (net 80 "Net-(U1-Pad40)")
  (net 81 "Net-(U1-Pad46)")
  (net 82 /VREF)
  (net 83 /VDD_RF)
  (net 84 /XTAL_O)
  (net 85 /VDDA)
  (net 86 /VDD_0)
  (net 87 /VDD_1)
  (net 88 "Net-(J4-Pad8)")
  (net 89 "Net-(J4-Pad7)")
  (net 90 "Net-(J4-Pad6)")
  (net 91 /GPIO/GREEN)
  (net 92 /GPIO/YELLOW)
  (net 93 /GPIO/RED)
  (net 94 "Net-(Q4-Pad3)")
  (net 95 "Net-(Q5-Pad3)")
  (net 96 /LPUART0_RX)
  (net 97 "Net-(U10-Pad3)")
  (net 98 /UART_RX)
  (net 99 /UART_TX)
  (net 100 /GPIO/BTN_CANCEL)
  (net 101 "Net-(Q6-Pad3)")

  (net_class Default "Dies ist die voreingestellte Netzklasse."
    (clearance 0.15)
    (trace_width 0.15)
    (via_dia 0.6)
    (via_drill 0.3)
    (uvia_dia 0.5)
    (uvia_drill 0.2)
    (add_net +36V)
    (add_net +3V3)
    (add_net +5V)
    (add_net /ADC_IN)
    (add_net /BTN_OK)
    (add_net /DAC0_OUT)
    (add_net /DP_BUSY)
    (add_net /GPIO/BTN_CANCEL)
    (add_net /GPIO/BTN_DOWN)
    (add_net /GPIO/BTN_LEFT)
    (add_net /GPIO/BTN_RIGHT)
    (add_net /GPIO/BTN_UP)
    (add_net /GPIO/GREEN)
    (add_net /GPIO/RED)
    (add_net /GPIO/YELLOW)
    (add_net /I2C1_SCL)
    (add_net /I2C1_SDA)
    (add_net /LPUART0_RX)
    (add_net /LPUART0_TX)
    (add_net /RESET_b)
    (add_net /SPI1_MOSI)
    (add_net /SPI1_PCS0)
    (add_net /SPI1_SCK)
    (add_net /SWD_CLK)
    (add_net /SWD_DIO)
    (add_net /TPM0_CH1)
    (add_net /TPM0_CH2)
    (add_net /TPM0_CH3)
    (add_net /UART_RX)
    (add_net /UART_TX)
    (add_net /VDDA)
    (add_net /VDD_0)
    (add_net /VDD_1)
    (add_net /VDD_RF)
    (add_net /VREF)
    (add_net /XTAL_O)
    (add_net /display/GDR)
    (add_net /display/HLT_CTL)
    (add_net /display/PREVGH)
    (add_net /display/PREVGL)
    (add_net /display/RESE)
    (add_net /display/TSCL)
    (add_net /display/TSDA)
    (add_net /display/VCOM)
    (add_net /display/VDD)
    (add_net /display/VGH)
    (add_net /display/VGL)
    (add_net /display/VPP)
    (add_net /display/VSH)
    (add_net /display/VSL)
    (add_net /regulator_out/pwm_out)
    (add_net /~BTN_INT)
    (add_net /~DP_RST)
    (add_net GND)
    (add_net "Net-(BT1-Pad1)")
    (add_net "Net-(C12-Pad2)")
    (add_net "Net-(C13-Pad1)")
    (add_net "Net-(C13-Pad2)")
    (add_net "Net-(C26-Pad1)")
    (add_net "Net-(C26-Pad2)")
    (add_net "Net-(C28-Pad2)")
    (add_net "Net-(C37-Pad1)")
    (add_net "Net-(C47-Pad1)")
    (add_net "Net-(C5-Pad2)")
    (add_net "Net-(C9-Pad1)")
    (add_net "Net-(D1-Pad2)")
    (add_net "Net-(D5-Pad1)")
    (add_net "Net-(D6-Pad1)")
    (add_net "Net-(D7-Pad2)")
    (add_net "Net-(J4-Pad6)")
    (add_net "Net-(J4-Pad7)")
    (add_net "Net-(J4-Pad8)")
    (add_net "Net-(Q2-Pad3)")
    (add_net "Net-(Q3-Pad3)")
    (add_net "Net-(Q4-Pad3)")
    (add_net "Net-(Q5-Pad3)")
    (add_net "Net-(Q6-Pad3)")
    (add_net "Net-(TP2-Pad1)")
    (add_net "Net-(TP3-Pad1)")
    (add_net "Net-(TP4-Pad1)")
    (add_net "Net-(TP5-Pad1)")
    (add_net "Net-(U1-Pad11)")
    (add_net "Net-(U1-Pad12)")
    (add_net "Net-(U1-Pad14)")
    (add_net "Net-(U1-Pad18)")
    (add_net "Net-(U1-Pad19)")
    (add_net "Net-(U1-Pad21)")
    (add_net "Net-(U1-Pad22)")
    (add_net "Net-(U1-Pad25)")
    (add_net "Net-(U1-Pad30)")
    (add_net "Net-(U1-Pad31)")
    (add_net "Net-(U1-Pad40)")
    (add_net "Net-(U1-Pad46)")
    (add_net "Net-(U1-Pad5)")
    (add_net "Net-(U10-Pad3)")
    (add_net "Net-(U2-Pad7)")
    (add_net "Net-(U3-Pad7)")
    (add_net "Net-(U8-Pad10)")
    (add_net "Net-(U8-Pad11)")
    (add_net "Net-(U8-Pad12)")
    (add_net "Net-(U9-Pad6)")
  )

  (module Package_DFN_QFN:NXP_LQFN-48-1EP_7x7mm_P0.5mm_EP3.5x3.5mm_16xMask0.45x0.45_ThermalVias (layer F.Cu) (tedit 5F5E3ADE) (tstamp 5F6F5C00)
    (at 149.098 99.421)
    (descr "LQFN, 48 Pin (https://www.nxp.com/docs/en/package-information/98ASA00694D.pdf)")
    (tags "NXP LQFN NoLead")
    (path /5F332BE7)
    (attr smd)
    (fp_text reference U1 (at 0 -4.82) (layer F.SilkS)
      (effects (font (size 1 1) (thickness 0.15)))
    )
    (fp_text value MKW41Z512VHT (at 0 4.82) (layer F.Fab)
      (effects (font (size 1 1) (thickness 0.15)))
    )
    (fp_line (start 3.16 -3.61) (end 3.61 -3.61) (layer F.SilkS) (width 0.12))
    (fp_line (start 3.61 -3.61) (end 3.61 -3.16) (layer F.SilkS) (width 0.12))
    (fp_line (start -3.16 3.61) (end -3.61 3.61) (layer F.SilkS) (width 0.12))
    (fp_line (start -3.61 3.61) (end -3.61 3.16) (layer F.SilkS) (width 0.12))
    (fp_line (start 3.16 3.61) (end 3.61 3.61) (layer F.SilkS) (width 0.12))
    (fp_line (start 3.61 3.61) (end 3.61 3.16) (layer F.SilkS) (width 0.12))
    (fp_line (start -3.16 -3.61) (end -3.61 -3.61) (layer F.SilkS) (width 0.12))
    (fp_line (start -2.5 -3.5) (end 3.5 -3.5) (layer F.Fab) (width 0.1))
    (fp_line (start 3.5 -3.5) (end 3.5 3.5) (layer F.Fab) (width 0.1))
    (fp_line (start 3.5 3.5) (end -3.5 3.5) (layer F.Fab) (width 0.1))
    (fp_line (start -3.5 3.5) (end -3.5 -2.5) (layer F.Fab) (width 0.1))
    (fp_line (start -3.5 -2.5) (end -2.5 -3.5) (layer F.Fab) (width 0.1))
    (fp_line (start -4.12 -4.12) (end -4.12 4.12) (layer F.CrtYd) (width 0.05))
    (fp_line (start -4.12 4.12) (end 4.12 4.12) (layer F.CrtYd) (width 0.05))
    (fp_line (start 4.12 4.12) (end 4.12 -4.12) (layer F.CrtYd) (width 0.05))
    (fp_line (start 4.12 -4.12) (end -4.12 -4.12) (layer F.CrtYd) (width 0.05))
    (fp_text user %R (at 0 0) (layer F.Fab)
      (effects (font (size 1 1) (thickness 0.15)))
    )
    (pad 1 smd roundrect (at -3.375 -2.75) (size 0.85 0.27) (layers F.Cu F.Paste F.Mask) (roundrect_rratio 0.25)
      (net 59 /SWD_DIO))
    (pad 2 smd roundrect (at -3.375 -2.25) (size 0.85 0.27) (layers F.Cu F.Paste F.Mask) (roundrect_rratio 0.25)
      (net 60 /SWD_CLK))
    (pad 3 smd roundrect (at -3.375 -1.75) (size 0.85 0.27) (layers F.Cu F.Paste F.Mask) (roundrect_rratio 0.25)
      (net 10 /RESET_b))
    (pad 4 smd roundrect (at -3.375 -1.25) (size 0.85 0.27) (layers F.Cu F.Paste F.Mask) (roundrect_rratio 0.25)
      (net 36 /SPI1_MOSI))
    (pad 5 smd roundrect (at -3.375 -0.75) (size 0.85 0.27) (layers F.Cu F.Paste F.Mask) (roundrect_rratio 0.25)
      (net 73 "Net-(U1-Pad5)"))
    (pad 6 smd roundrect (at -3.375 -0.25) (size 0.85 0.27) (layers F.Cu F.Paste F.Mask) (roundrect_rratio 0.25)
      (net 37 /SPI1_SCK))
    (pad 7 smd roundrect (at -3.375 0.25) (size 0.85 0.27) (layers F.Cu F.Paste F.Mask) (roundrect_rratio 0.25)
      (net 38 /SPI1_PCS0))
    (pad 8 smd roundrect (at -3.375 0.75) (size 0.85 0.27) (layers F.Cu F.Paste F.Mask) (roundrect_rratio 0.25)
      (net 1 GND))
    (pad 9 smd roundrect (at -3.375 1.25) (size 0.85 0.27) (layers F.Cu F.Paste F.Mask) (roundrect_rratio 0.25)
      (net 2 +3V3))
    (pad 10 smd roundrect (at -3.375 1.75) (size 0.85 0.27) (layers F.Cu F.Paste F.Mask) (roundrect_rratio 0.25)
      (net 2 +3V3))
    (pad 11 smd roundrect (at -3.375 2.25) (size 0.85 0.27) (layers F.Cu F.Paste F.Mask) (roundrect_rratio 0.25)
      (net 74 "Net-(U1-Pad11)"))
    (pad 12 smd roundrect (at -3.375 2.75) (size 0.85 0.27) (layers F.Cu F.Paste F.Mask) (roundrect_rratio 0.25)
      (net 75 "Net-(U1-Pad12)"))
    (pad 13 smd roundrect (at -2.75 3.375) (size 0.27 0.85) (layers F.Cu F.Paste F.Mask) (roundrect_rratio 0.25)
      (net 1 GND))
    (pad 14 smd roundrect (at -2.25 3.375) (size 0.27 0.85) (layers F.Cu F.Paste F.Mask) (roundrect_rratio 0.25)
      (net 76 "Net-(U1-Pad14)"))
    (pad 15 smd roundrect (at -1.75 3.375) (size 0.27 0.85) (layers F.Cu F.Paste F.Mask) (roundrect_rratio 0.25)
      (net 2 +3V3))
    (pad 16 smd roundrect (at -1.25 3.375) (size 0.27 0.85) (layers F.Cu F.Paste F.Mask) (roundrect_rratio 0.25)
      (net 49 /TPM0_CH1))
    (pad 17 smd roundrect (at -0.75 3.375) (size 0.27 0.85) (layers F.Cu F.Paste F.Mask) (roundrect_rratio 0.25)
      (net 51 /TPM0_CH2))
    (pad 18 smd roundrect (at -0.25 3.375) (size 0.27 0.85) (layers F.Cu F.Paste F.Mask) (roundrect_rratio 0.25)
      (net 77 "Net-(U1-Pad18)"))
    (pad 19 smd roundrect (at 0.25 3.375) (size 0.27 0.85) (layers F.Cu F.Paste F.Mask) (roundrect_rratio 0.25)
      (net 78 "Net-(U1-Pad19)"))
    (pad 20 smd roundrect (at 0.75 3.375) (size 0.27 0.85) (layers F.Cu F.Paste F.Mask) (roundrect_rratio 0.25)
      (net 86 /VDD_0))
    (pad 21 smd roundrect (at 1.25 3.375) (size 0.27 0.85) (layers F.Cu F.Paste F.Mask) (roundrect_rratio 0.25)
      (net 72 "Net-(U1-Pad21)"))
    (pad 22 smd roundrect (at 1.75 3.375) (size 0.27 0.85) (layers F.Cu F.Paste F.Mask) (roundrect_rratio 0.25)
      (net 71 "Net-(U1-Pad22)"))
    (pad 23 smd roundrect (at 2.25 3.375) (size 0.27 0.85) (layers F.Cu F.Paste F.Mask) (roundrect_rratio 0.25)
      (net 54 /DAC0_OUT))
    (pad 24 smd roundrect (at 2.75 3.375) (size 0.27 0.85) (layers F.Cu F.Paste F.Mask) (roundrect_rratio 0.25)
      (net 25 /ADC_IN))
    (pad 25 smd roundrect (at 3.375 2.75) (size 0.85 0.27) (layers F.Cu F.Paste F.Mask) (roundrect_rratio 0.25)
      (net 79 "Net-(U1-Pad25)"))
    (pad 26 smd roundrect (at 3.375 2.25) (size 0.85 0.27) (layers F.Cu F.Paste F.Mask) (roundrect_rratio 0.25)
      (net 1 GND))
    (pad 27 smd roundrect (at 3.375 1.75) (size 0.85 0.27) (layers F.Cu F.Paste F.Mask) (roundrect_rratio 0.25)
      (net 82 /VREF))
    (pad 28 smd roundrect (at 3.375 1.25) (size 0.85 0.27) (layers F.Cu F.Paste F.Mask) (roundrect_rratio 0.25)
      (net 85 /VDDA))
    (pad 29 smd roundrect (at 3.375 0.75) (size 0.85 0.27) (layers F.Cu F.Paste F.Mask) (roundrect_rratio 0.25)
      (net 84 /XTAL_O))
    (pad 30 smd roundrect (at 3.375 0.25) (size 0.85 0.27) (layers F.Cu F.Paste F.Mask) (roundrect_rratio 0.25)
      (net 69 "Net-(U1-Pad30)"))
    (pad 31 smd roundrect (at 3.375 -0.25) (size 0.85 0.27) (layers F.Cu F.Paste F.Mask) (roundrect_rratio 0.25)
      (net 70 "Net-(U1-Pad31)"))
    (pad 32 smd roundrect (at 3.375 -0.75) (size 0.85 0.27) (layers F.Cu F.Paste F.Mask) (roundrect_rratio 0.25)
      (net 83 /VDD_RF))
    (pad 33 smd roundrect (at 3.375 -1.25) (size 0.85 0.27) (layers F.Cu F.Paste F.Mask) (roundrect_rratio 0.25)
      (net 6 "Net-(C9-Pad1)"))
    (pad 34 smd roundrect (at 3.375 -1.75) (size 0.85 0.27) (layers F.Cu F.Paste F.Mask) (roundrect_rratio 0.25)
      (net 1 GND))
    (pad 35 smd roundrect (at 3.375 -2.25) (size 0.85 0.27) (layers F.Cu F.Paste F.Mask) (roundrect_rratio 0.25)
      (net 83 /VDD_RF))
    (pad 36 smd roundrect (at 3.375 -2.75) (size 0.85 0.27) (layers F.Cu F.Paste F.Mask) (roundrect_rratio 0.25)
      (net 83 /VDD_RF))
    (pad 37 smd roundrect (at 2.75 -3.375) (size 0.27 0.85) (layers F.Cu F.Paste F.Mask) (roundrect_rratio 0.25)
      (net 63 /~BTN_INT))
    (pad 38 smd roundrect (at 2.25 -3.375) (size 0.27 0.85) (layers F.Cu F.Paste F.Mask) (roundrect_rratio 0.25)
      (net 52 /I2C1_SCL))
    (pad 39 smd roundrect (at 1.75 -3.375) (size 0.27 0.85) (layers F.Cu F.Paste F.Mask) (roundrect_rratio 0.25)
      (net 53 /I2C1_SDA))
    (pad 40 smd roundrect (at 1.25 -3.375) (size 0.27 0.85) (layers F.Cu F.Paste F.Mask) (roundrect_rratio 0.25)
      (net 80 "Net-(U1-Pad40)"))
    (pad 41 smd roundrect (at 0.75 -3.375) (size 0.27 0.85) (layers F.Cu F.Paste F.Mask) (roundrect_rratio 0.25)
      (net 31 /BTN_OK))
    (pad 42 smd roundrect (at 0.25 -3.375) (size 0.27 0.85) (layers F.Cu F.Paste F.Mask) (roundrect_rratio 0.25)
      (net 96 /LPUART0_RX))
    (pad 43 smd roundrect (at -0.25 -3.375) (size 0.27 0.85) (layers F.Cu F.Paste F.Mask) (roundrect_rratio 0.25)
      (net 68 /LPUART0_TX))
    (pad 44 smd roundrect (at -0.75 -3.375) (size 0.27 0.85) (layers F.Cu F.Paste F.Mask) (roundrect_rratio 0.25)
      (net 87 /VDD_1))
    (pad 45 smd roundrect (at -1.25 -3.375) (size 0.27 0.85) (layers F.Cu F.Paste F.Mask) (roundrect_rratio 0.25)
      (net 50 /TPM0_CH3))
    (pad 46 smd roundrect (at -1.75 -3.375) (size 0.27 0.85) (layers F.Cu F.Paste F.Mask) (roundrect_rratio 0.25)
      (net 81 "Net-(U1-Pad46)"))
    (pad 47 smd roundrect (at -2.25 -3.375) (size 0.27 0.85) (layers F.Cu F.Paste F.Mask) (roundrect_rratio 0.25)
      (net 39 /~DP_RST))
    (pad 48 smd roundrect (at -2.75 -3.375) (size 0.27 0.85) (layers F.Cu F.Paste F.Mask) (roundrect_rratio 0.25)
      (net 40 /DP_BUSY))
    (pad 49 smd rect (at 0 0) (size 3.5 3.5) (layers F.Cu)
      (net 1 GND))
    (pad 49 smd roundrect (at 0 0) (size 2.55 2.55) (layers B.Cu) (roundrect_rratio 0.115)
      (net 1 GND))
    (pad 49 thru_hole circle (at -1 -1) (size 0.55 0.55) (drill 0.25) (layers *.Cu)
      (net 1 GND))
    (pad 49 thru_hole circle (at -1 0) (size 0.55 0.55) (drill 0.25) (layers *.Cu)
      (net 1 GND))
    (pad 49 thru_hole circle (at -1 1) (size 0.55 0.55) (drill 0.25) (layers *.Cu)
      (net 1 GND))
    (pad 49 thru_hole circle (at 0 -1) (size 0.55 0.55) (drill 0.25) (layers *.Cu)
      (net 1 GND))
    (pad 49 thru_hole circle (at 0 0) (size 0.55 0.55) (drill 0.25) (layers *.Cu)
      (net 1 GND))
    (pad 49 thru_hole circle (at 0 1) (size 0.55 0.55) (drill 0.25) (layers *.Cu)
      (net 1 GND))
    (pad 49 thru_hole circle (at 1 -1) (size 0.55 0.55) (drill 0.25) (layers *.Cu)
      (net 1 GND))
    (pad 49 thru_hole circle (at 1 0) (size 0.55 0.55) (drill 0.25) (layers *.Cu)
      (net 1 GND))
    (pad 49 thru_hole circle (at 1 1) (size 0.55 0.55) (drill 0.25) (layers *.Cu)
      (net 1 GND))
    (pad "" smd rect (at -1.5 -1.5) (size 0.45 0.45) (layers F.Paste F.Mask))
    (pad "" smd rect (at -1.5 -0.5) (size 0.45 0.45) (layers F.Paste F.Mask))
    (pad "" smd rect (at -1.5 0.5) (size 0.45 0.45) (layers F.Paste F.Mask))
    (pad "" smd rect (at -1.5 1.5) (size 0.45 0.45) (layers F.Paste F.Mask))
    (pad "" smd rect (at -0.5 -1.5) (size 0.45 0.45) (layers F.Paste F.Mask))
    (pad "" smd rect (at -0.5 -0.5) (size 0.45 0.45) (layers F.Paste F.Mask))
    (pad "" smd rect (at -0.5 0.5) (size 0.45 0.45) (layers F.Paste F.Mask))
    (pad "" smd rect (at -0.5 1.5) (size 0.45 0.45) (layers F.Paste F.Mask))
    (pad "" smd rect (at 0.5 -1.5) (size 0.45 0.45) (layers F.Paste F.Mask))
    (pad "" smd rect (at 0.5 -0.5) (size 0.45 0.45) (layers F.Paste F.Mask))
    (pad "" smd rect (at 0.5 0.5) (size 0.45 0.45) (layers F.Paste F.Mask))
    (pad "" smd rect (at 0.5 1.5) (size 0.45 0.45) (layers F.Paste F.Mask))
    (pad "" smd rect (at 1.5 -1.5) (size 0.45 0.45) (layers F.Paste F.Mask))
    (pad "" smd rect (at 1.5 -0.5) (size 0.45 0.45) (layers F.Paste F.Mask))
    (pad "" smd rect (at 1.5 0.5) (size 0.45 0.45) (layers F.Paste F.Mask))
    (pad "" smd rect (at 1.5 1.5) (size 0.45 0.45) (layers F.Paste F.Mask))
    (model ${KISYS3DMOD}/Package_DFN_QFN.3dshapes/NXP_LQFN-48-1EP_7x7mm_P0.5mm_EP3.5x3.5mm_16xMask0.45x0.45.wrl
      (at (xyz 0 0 0))
      (scale (xyz 1 1 1))
      (rotate (xyz 0 0 0))
    )
  )

  (module Resistor_SMD:R_0603_1608Metric (layer F.Cu) (tedit 5B301BBD) (tstamp 5F7393DA)
    (at 116.332 95.885 270)
    (descr "Resistor SMD 0603 (1608 Metric), square (rectangular) end terminal, IPC_7351 nominal, (Body size source: http://www.tortai-tech.com/upload/download/2011102023233369053.pdf), generated with kicad-footprint-generator")
    (tags resistor)
    (path /5F32546C/5F431377)
    (attr smd)
    (fp_text reference R6 (at 0 -1.43 90) (layer F.Fab)
      (effects (font (size 1 1) (thickness 0.15)))
    )
    (fp_text value 2k2 (at 0 1.43 90) (layer F.Fab)
      (effects (font (size 1 1) (thickness 0.15)))
    )
    (fp_line (start 1.48 0.73) (end -1.48 0.73) (layer F.CrtYd) (width 0.05))
    (fp_line (start 1.48 -0.73) (end 1.48 0.73) (layer F.CrtYd) (width 0.05))
    (fp_line (start -1.48 -0.73) (end 1.48 -0.73) (layer F.CrtYd) (width 0.05))
    (fp_line (start -1.48 0.73) (end -1.48 -0.73) (layer F.CrtYd) (width 0.05))
    (fp_line (start -0.162779 0.51) (end 0.162779 0.51) (layer F.SilkS) (width 0.12))
    (fp_line (start -0.162779 -0.51) (end 0.162779 -0.51) (layer F.SilkS) (width 0.12))
    (fp_line (start 0.8 0.4) (end -0.8 0.4) (layer F.Fab) (width 0.1))
    (fp_line (start 0.8 -0.4) (end 0.8 0.4) (layer F.Fab) (width 0.1))
    (fp_line (start -0.8 -0.4) (end 0.8 -0.4) (layer F.Fab) (width 0.1))
    (fp_line (start -0.8 0.4) (end -0.8 -0.4) (layer F.Fab) (width 0.1))
    (fp_text user %R (at 0 0 90) (layer F.Fab)
      (effects (font (size 0.4 0.4) (thickness 0.06)))
    )
    (pad 2 smd roundrect (at 0.7875 0 270) (size 0.875 0.95) (layers F.Cu F.Paste F.Mask) (roundrect_rratio 0.25)
      (net 53 /I2C1_SDA))
    (pad 1 smd roundrect (at -0.7875 0 270) (size 0.875 0.95) (layers F.Cu F.Paste F.Mask) (roundrect_rratio 0.25)
      (net 2 +3V3))
    (model ${KISYS3DMOD}/Resistor_SMD.3dshapes/R_0603_1608Metric.wrl
      (at (xyz 0 0 0))
      (scale (xyz 1 1 1))
      (rotate (xyz 0 0 0))
    )
  )

  (module Resistor_SMD:R_0603_1608Metric (layer F.Cu) (tedit 5B301BBD) (tstamp 5F739404)
    (at 114.046 95.885 270)
    (descr "Resistor SMD 0603 (1608 Metric), square (rectangular) end terminal, IPC_7351 nominal, (Body size source: http://www.tortai-tech.com/upload/download/2011102023233369053.pdf), generated with kicad-footprint-generator")
    (tags resistor)
    (path /5F32546C/5F430FFF)
    (attr smd)
    (fp_text reference R5 (at 0 -1.43 90) (layer F.Fab)
      (effects (font (size 1 1) (thickness 0.15)))
    )
    (fp_text value 2k2 (at 0 1.43 90) (layer F.Fab)
      (effects (font (size 1 1) (thickness 0.15)))
    )
    (fp_line (start 1.48 0.73) (end -1.48 0.73) (layer F.CrtYd) (width 0.05))
    (fp_line (start 1.48 -0.73) (end 1.48 0.73) (layer F.CrtYd) (width 0.05))
    (fp_line (start -1.48 -0.73) (end 1.48 -0.73) (layer F.CrtYd) (width 0.05))
    (fp_line (start -1.48 0.73) (end -1.48 -0.73) (layer F.CrtYd) (width 0.05))
    (fp_line (start -0.162779 0.51) (end 0.162779 0.51) (layer F.SilkS) (width 0.12))
    (fp_line (start -0.162779 -0.51) (end 0.162779 -0.51) (layer F.SilkS) (width 0.12))
    (fp_line (start 0.8 0.4) (end -0.8 0.4) (layer F.Fab) (width 0.1))
    (fp_line (start 0.8 -0.4) (end 0.8 0.4) (layer F.Fab) (width 0.1))
    (fp_line (start -0.8 -0.4) (end 0.8 -0.4) (layer F.Fab) (width 0.1))
    (fp_line (start -0.8 0.4) (end -0.8 -0.4) (layer F.Fab) (width 0.1))
    (fp_text user %R (at 0 0 90) (layer F.Fab)
      (effects (font (size 0.4 0.4) (thickness 0.06)))
    )
    (pad 2 smd roundrect (at 0.7875 0 270) (size 0.875 0.95) (layers F.Cu F.Paste F.Mask) (roundrect_rratio 0.25)
      (net 52 /I2C1_SCL))
    (pad 1 smd roundrect (at -0.7875 0 270) (size 0.875 0.95) (layers F.Cu F.Paste F.Mask) (roundrect_rratio 0.25)
      (net 2 +3V3))
    (model ${KISYS3DMOD}/Resistor_SMD.3dshapes/R_0603_1608Metric.wrl
      (at (xyz 0 0 0))
      (scale (xyz 1 1 1))
      (rotate (xyz 0 0 0))
    )
  )

  (module Capacitor_SMD:C_0402_1005Metric (layer F.Cu) (tedit 5B301BBE) (tstamp 5F76E5C6)
    (at 146.812 105.41 270)
    (descr "Capacitor SMD 0402 (1005 Metric), square (rectangular) end terminal, IPC_7351 nominal, (Body size source: http://www.tortai-tech.com/upload/download/2011102023233369053.pdf), generated with kicad-footprint-generator")
    (tags capacitor)
    (path /5F82EA7F)
    (attr smd)
    (fp_text reference C60 (at 0 -1.17 90) (layer F.Fab)
      (effects (font (size 1 1) (thickness 0.15)))
    )
    (fp_text value 1u (at 0 1.17 90) (layer F.Fab)
      (effects (font (size 1 1) (thickness 0.15)))
    )
    (fp_line (start -0.5 0.25) (end -0.5 -0.25) (layer F.Fab) (width 0.1))
    (fp_line (start -0.5 -0.25) (end 0.5 -0.25) (layer F.Fab) (width 0.1))
    (fp_line (start 0.5 -0.25) (end 0.5 0.25) (layer F.Fab) (width 0.1))
    (fp_line (start 0.5 0.25) (end -0.5 0.25) (layer F.Fab) (width 0.1))
    (fp_line (start -0.93 0.47) (end -0.93 -0.47) (layer F.CrtYd) (width 0.05))
    (fp_line (start -0.93 -0.47) (end 0.93 -0.47) (layer F.CrtYd) (width 0.05))
    (fp_line (start 0.93 -0.47) (end 0.93 0.47) (layer F.CrtYd) (width 0.05))
    (fp_line (start 0.93 0.47) (end -0.93 0.47) (layer F.CrtYd) (width 0.05))
    (fp_text user %R (at 0 0 90) (layer F.Fab)
      (effects (font (size 0.25 0.25) (thickness 0.04)))
    )
    (pad 2 smd roundrect (at 0.485 0 270) (size 0.59 0.64) (layers F.Cu F.Paste F.Mask) (roundrect_rratio 0.25)
      (net 1 GND))
    (pad 1 smd roundrect (at -0.485 0 270) (size 0.59 0.64) (layers F.Cu F.Paste F.Mask) (roundrect_rratio 0.25)
      (net 2 +3V3))
    (model ${KISYS3DMOD}/Capacitor_SMD.3dshapes/C_0402_1005Metric.wrl
      (at (xyz 0 0 0))
      (scale (xyz 1 1 1))
      (rotate (xyz 0 0 0))
    )
  )

  (module Resistor_SMD:R_0603_1608Metric (layer F.Cu) (tedit 5B301BBD) (tstamp 5F765595)
    (at 139.827 110.871 180)
    (descr "Resistor SMD 0603 (1608 Metric), square (rectangular) end terminal, IPC_7351 nominal, (Body size source: http://www.tortai-tech.com/upload/download/2011102023233369053.pdf), generated with kicad-footprint-generator")
    (tags resistor)
    (path /5E6A63AE/5F7899BD)
    (attr smd)
    (fp_text reference R26 (at 0 -1.43) (layer F.Fab)
      (effects (font (size 1 1) (thickness 0.15)))
    )
    (fp_text value 0 (at 0 1.43) (layer F.Fab)
      (effects (font (size 1 1) (thickness 0.15)))
    )
    (fp_line (start -0.8 0.4) (end -0.8 -0.4) (layer F.Fab) (width 0.1))
    (fp_line (start -0.8 -0.4) (end 0.8 -0.4) (layer F.Fab) (width 0.1))
    (fp_line (start 0.8 -0.4) (end 0.8 0.4) (layer F.Fab) (width 0.1))
    (fp_line (start 0.8 0.4) (end -0.8 0.4) (layer F.Fab) (width 0.1))
    (fp_line (start -0.162779 -0.51) (end 0.162779 -0.51) (layer F.SilkS) (width 0.12))
    (fp_line (start -0.162779 0.51) (end 0.162779 0.51) (layer F.SilkS) (width 0.12))
    (fp_line (start -1.48 0.73) (end -1.48 -0.73) (layer F.CrtYd) (width 0.05))
    (fp_line (start -1.48 -0.73) (end 1.48 -0.73) (layer F.CrtYd) (width 0.05))
    (fp_line (start 1.48 -0.73) (end 1.48 0.73) (layer F.CrtYd) (width 0.05))
    (fp_line (start 1.48 0.73) (end -1.48 0.73) (layer F.CrtYd) (width 0.05))
    (fp_text user %R (at 0 0) (layer F.Fab)
      (effects (font (size 0.4 0.4) (thickness 0.06)))
    )
    (pad 2 smd roundrect (at 0.7875 0 180) (size 0.875 0.95) (layers F.Cu F.Paste F.Mask) (roundrect_rratio 0.25)
      (net 1 GND))
    (pad 1 smd roundrect (at -0.7875 0 180) (size 0.875 0.95) (layers F.Cu F.Paste F.Mask) (roundrect_rratio 0.25)
      (net 47 "Net-(Q2-Pad3)"))
    (model ${KISYS3DMOD}/Resistor_SMD.3dshapes/R_0603_1608Metric.wrl
      (at (xyz 0 0 0))
      (scale (xyz 1 1 1))
      (rotate (xyz 0 0 0))
    )
  )

  (module Resistor_SMD:R_0603_1608Metric (layer F.Cu) (tedit 5B301BBD) (tstamp 5F7653C8)
    (at 142.367 113.411 90)
    (descr "Resistor SMD 0603 (1608 Metric), square (rectangular) end terminal, IPC_7351 nominal, (Body size source: http://www.tortai-tech.com/upload/download/2011102023233369053.pdf), generated with kicad-footprint-generator")
    (tags resistor)
    (path /5E6A63AE/5F7891A7)
    (attr smd)
    (fp_text reference R10 (at 0 -1.43 90) (layer F.Fab)
      (effects (font (size 1 1) (thickness 0.15)))
    )
    (fp_text value 10K (at 0 1.43 90) (layer F.Fab)
      (effects (font (size 1 1) (thickness 0.15)))
    )
    (fp_line (start -0.8 0.4) (end -0.8 -0.4) (layer F.Fab) (width 0.1))
    (fp_line (start -0.8 -0.4) (end 0.8 -0.4) (layer F.Fab) (width 0.1))
    (fp_line (start 0.8 -0.4) (end 0.8 0.4) (layer F.Fab) (width 0.1))
    (fp_line (start 0.8 0.4) (end -0.8 0.4) (layer F.Fab) (width 0.1))
    (fp_line (start -0.162779 -0.51) (end 0.162779 -0.51) (layer F.SilkS) (width 0.12))
    (fp_line (start -0.162779 0.51) (end 0.162779 0.51) (layer F.SilkS) (width 0.12))
    (fp_line (start -1.48 0.73) (end -1.48 -0.73) (layer F.CrtYd) (width 0.05))
    (fp_line (start -1.48 -0.73) (end 1.48 -0.73) (layer F.CrtYd) (width 0.05))
    (fp_line (start 1.48 -0.73) (end 1.48 0.73) (layer F.CrtYd) (width 0.05))
    (fp_line (start 1.48 0.73) (end -1.48 0.73) (layer F.CrtYd) (width 0.05))
    (fp_text user %R (at 0 0 90) (layer F.Fab)
      (effects (font (size 0.4 0.4) (thickness 0.06)))
    )
    (pad 2 smd roundrect (at 0.7875 0 90) (size 0.875 0.95) (layers F.Cu F.Paste F.Mask) (roundrect_rratio 0.25)
      (net 47 "Net-(Q2-Pad3)"))
    (pad 1 smd roundrect (at -0.7875 0 90) (size 0.875 0.95) (layers F.Cu F.Paste F.Mask) (roundrect_rratio 0.25)
      (net 23 +36V))
    (model ${KISYS3DMOD}/Resistor_SMD.3dshapes/R_0603_1608Metric.wrl
      (at (xyz 0 0 0))
      (scale (xyz 1 1 1))
      (rotate (xyz 0 0 0))
    )
  )

  (module Package_TO_SOT_SMD:SOT-23 (layer F.Cu) (tedit 5A02FF57) (tstamp 5F7652A3)
    (at 139.827 113.411 270)
    (descr "SOT-23, Standard")
    (tags SOT-23)
    (path /5E6A63AE/5F7826E9)
    (attr smd)
    (fp_text reference Q6 (at 0 -2.5 90) (layer F.Fab)
      (effects (font (size 1 1) (thickness 0.15)))
    )
    (fp_text value BSS806NL6327 (at 0 2.5 90) (layer F.Fab)
      (effects (font (size 1 1) (thickness 0.15)))
    )
    (fp_line (start -0.7 -0.95) (end -0.7 1.5) (layer F.Fab) (width 0.1))
    (fp_line (start -0.15 -1.52) (end 0.7 -1.52) (layer F.Fab) (width 0.1))
    (fp_line (start -0.7 -0.95) (end -0.15 -1.52) (layer F.Fab) (width 0.1))
    (fp_line (start 0.7 -1.52) (end 0.7 1.52) (layer F.Fab) (width 0.1))
    (fp_line (start -0.7 1.52) (end 0.7 1.52) (layer F.Fab) (width 0.1))
    (fp_line (start 0.76 1.58) (end 0.76 0.65) (layer F.SilkS) (width 0.12))
    (fp_line (start 0.76 -1.58) (end 0.76 -0.65) (layer F.SilkS) (width 0.12))
    (fp_line (start -1.7 -1.75) (end 1.7 -1.75) (layer F.CrtYd) (width 0.05))
    (fp_line (start 1.7 -1.75) (end 1.7 1.75) (layer F.CrtYd) (width 0.05))
    (fp_line (start 1.7 1.75) (end -1.7 1.75) (layer F.CrtYd) (width 0.05))
    (fp_line (start -1.7 1.75) (end -1.7 -1.75) (layer F.CrtYd) (width 0.05))
    (fp_line (start 0.76 -1.58) (end -1.4 -1.58) (layer F.SilkS) (width 0.12))
    (fp_line (start 0.76 1.58) (end -0.7 1.58) (layer F.SilkS) (width 0.12))
    (fp_text user %R (at 0 0) (layer F.Fab)
      (effects (font (size 0.5 0.5) (thickness 0.075)))
    )
    (pad 3 smd rect (at 1 0 270) (size 0.9 0.8) (layers F.Cu F.Paste F.Mask)
      (net 101 "Net-(Q6-Pad3)"))
    (pad 2 smd rect (at -1 0.95 270) (size 0.9 0.8) (layers F.Cu F.Paste F.Mask)
      (net 1 GND))
    (pad 1 smd rect (at -1 -0.95 270) (size 0.9 0.8) (layers F.Cu F.Paste F.Mask)
      (net 47 "Net-(Q2-Pad3)"))
    (model ${KISYS3DMOD}/Package_TO_SOT_SMD.3dshapes/SOT-23.wrl
      (at (xyz 0 0 0))
      (scale (xyz 1 1 1))
      (rotate (xyz 0 0 0))
    )
  )

  (module Package_TO_SOT_SMD:SOT-23 (layer F.Cu) (tedit 5A02FF57) (tstamp 5F74F7EF)
    (at 144.907 92.837)
    (descr "SOT-23, Standard")
    (tags SOT-23)
    (path /5F39C8C1/5F796F73)
    (attr smd)
    (fp_text reference Q5 (at 0 -2.5) (layer F.Fab)
      (effects (font (size 1 1) (thickness 0.15)))
    )
    (fp_text value BSS806NL6327 (at 0 2.5) (layer F.Fab)
      (effects (font (size 1 1) (thickness 0.15)))
    )
    (fp_line (start 0.76 1.58) (end -0.7 1.58) (layer F.SilkS) (width 0.12))
    (fp_line (start 0.76 -1.58) (end -1.4 -1.58) (layer F.SilkS) (width 0.12))
    (fp_line (start -1.7 1.75) (end -1.7 -1.75) (layer F.CrtYd) (width 0.05))
    (fp_line (start 1.7 1.75) (end -1.7 1.75) (layer F.CrtYd) (width 0.05))
    (fp_line (start 1.7 -1.75) (end 1.7 1.75) (layer F.CrtYd) (width 0.05))
    (fp_line (start -1.7 -1.75) (end 1.7 -1.75) (layer F.CrtYd) (width 0.05))
    (fp_line (start 0.76 -1.58) (end 0.76 -0.65) (layer F.SilkS) (width 0.12))
    (fp_line (start 0.76 1.58) (end 0.76 0.65) (layer F.SilkS) (width 0.12))
    (fp_line (start -0.7 1.52) (end 0.7 1.52) (layer F.Fab) (width 0.1))
    (fp_line (start 0.7 -1.52) (end 0.7 1.52) (layer F.Fab) (width 0.1))
    (fp_line (start -0.7 -0.95) (end -0.15 -1.52) (layer F.Fab) (width 0.1))
    (fp_line (start -0.15 -1.52) (end 0.7 -1.52) (layer F.Fab) (width 0.1))
    (fp_line (start -0.7 -0.95) (end -0.7 1.5) (layer F.Fab) (width 0.1))
    (fp_text user %R (at 0 0 90) (layer F.Fab)
      (effects (font (size 0.5 0.5) (thickness 0.075)))
    )
    (pad 3 smd rect (at 1 0) (size 0.9 0.8) (layers F.Cu F.Paste F.Mask)
      (net 95 "Net-(Q5-Pad3)"))
    (pad 2 smd rect (at -1 0.95) (size 0.9 0.8) (layers F.Cu F.Paste F.Mask)
      (net 1 GND))
    (pad 1 smd rect (at -1 -0.95) (size 0.9 0.8) (layers F.Cu F.Paste F.Mask)
      (net 50 /TPM0_CH3))
    (model ${KISYS3DMOD}/Package_TO_SOT_SMD.3dshapes/SOT-23.wrl
      (at (xyz 0 0 0))
      (scale (xyz 1 1 1))
      (rotate (xyz 0 0 0))
    )
  )

  (module Package_TO_SOT_SMD:SOT-23 (layer F.Cu) (tedit 5A02FF57) (tstamp 5F74F7DA)
    (at 135.763 92.837)
    (descr "SOT-23, Standard")
    (tags SOT-23)
    (path /5F39C8C1/5F7963CB)
    (attr smd)
    (fp_text reference Q4 (at 0 -2.5) (layer F.Fab)
      (effects (font (size 1 1) (thickness 0.15)))
    )
    (fp_text value BSS806NL6327 (at 0 2.5) (layer F.Fab)
      (effects (font (size 1 1) (thickness 0.15)))
    )
    (fp_line (start 0.76 1.58) (end -0.7 1.58) (layer F.SilkS) (width 0.12))
    (fp_line (start 0.76 -1.58) (end -1.4 -1.58) (layer F.SilkS) (width 0.12))
    (fp_line (start -1.7 1.75) (end -1.7 -1.75) (layer F.CrtYd) (width 0.05))
    (fp_line (start 1.7 1.75) (end -1.7 1.75) (layer F.CrtYd) (width 0.05))
    (fp_line (start 1.7 -1.75) (end 1.7 1.75) (layer F.CrtYd) (width 0.05))
    (fp_line (start -1.7 -1.75) (end 1.7 -1.75) (layer F.CrtYd) (width 0.05))
    (fp_line (start 0.76 -1.58) (end 0.76 -0.65) (layer F.SilkS) (width 0.12))
    (fp_line (start 0.76 1.58) (end 0.76 0.65) (layer F.SilkS) (width 0.12))
    (fp_line (start -0.7 1.52) (end 0.7 1.52) (layer F.Fab) (width 0.1))
    (fp_line (start 0.7 -1.52) (end 0.7 1.52) (layer F.Fab) (width 0.1))
    (fp_line (start -0.7 -0.95) (end -0.15 -1.52) (layer F.Fab) (width 0.1))
    (fp_line (start -0.15 -1.52) (end 0.7 -1.52) (layer F.Fab) (width 0.1))
    (fp_line (start -0.7 -0.95) (end -0.7 1.5) (layer F.Fab) (width 0.1))
    (fp_text user %R (at 0 0 90) (layer F.Fab)
      (effects (font (size 0.5 0.5) (thickness 0.075)))
    )
    (pad 3 smd rect (at 1 0) (size 0.9 0.8) (layers F.Cu F.Paste F.Mask)
      (net 94 "Net-(Q4-Pad3)"))
    (pad 2 smd rect (at -1 0.95) (size 0.9 0.8) (layers F.Cu F.Paste F.Mask)
      (net 1 GND))
    (pad 1 smd rect (at -1 -0.95) (size 0.9 0.8) (layers F.Cu F.Paste F.Mask)
      (net 49 /TPM0_CH1))
    (model ${KISYS3DMOD}/Package_TO_SOT_SMD.3dshapes/SOT-23.wrl
      (at (xyz 0 0 0))
      (scale (xyz 1 1 1))
      (rotate (xyz 0 0 0))
    )
  )

  (module Package_TO_SOT_SMD:SOT-23 (layer F.Cu) (tedit 5A02FF57) (tstamp 5F74F7C5)
    (at 140.335 92.837)
    (descr "SOT-23, Standard")
    (tags SOT-23)
    (path /5F39C8C1/5F792335)
    (attr smd)
    (fp_text reference Q3 (at 0 -2.5) (layer F.Fab)
      (effects (font (size 1 1) (thickness 0.15)))
    )
    (fp_text value BSS806NL6327 (at 0 2.5) (layer F.Fab)
      (effects (font (size 1 1) (thickness 0.15)))
    )
    (fp_line (start 0.76 1.58) (end -0.7 1.58) (layer F.SilkS) (width 0.12))
    (fp_line (start 0.76 -1.58) (end -1.4 -1.58) (layer F.SilkS) (width 0.12))
    (fp_line (start -1.7 1.75) (end -1.7 -1.75) (layer F.CrtYd) (width 0.05))
    (fp_line (start 1.7 1.75) (end -1.7 1.75) (layer F.CrtYd) (width 0.05))
    (fp_line (start 1.7 -1.75) (end 1.7 1.75) (layer F.CrtYd) (width 0.05))
    (fp_line (start -1.7 -1.75) (end 1.7 -1.75) (layer F.CrtYd) (width 0.05))
    (fp_line (start 0.76 -1.58) (end 0.76 -0.65) (layer F.SilkS) (width 0.12))
    (fp_line (start 0.76 1.58) (end 0.76 0.65) (layer F.SilkS) (width 0.12))
    (fp_line (start -0.7 1.52) (end 0.7 1.52) (layer F.Fab) (width 0.1))
    (fp_line (start 0.7 -1.52) (end 0.7 1.52) (layer F.Fab) (width 0.1))
    (fp_line (start -0.7 -0.95) (end -0.15 -1.52) (layer F.Fab) (width 0.1))
    (fp_line (start -0.15 -1.52) (end 0.7 -1.52) (layer F.Fab) (width 0.1))
    (fp_line (start -0.7 -0.95) (end -0.7 1.5) (layer F.Fab) (width 0.1))
    (fp_text user %R (at 0 0 90) (layer F.Fab)
      (effects (font (size 0.5 0.5) (thickness 0.075)))
    )
    (pad 3 smd rect (at 1 0) (size 0.9 0.8) (layers F.Cu F.Paste F.Mask)
      (net 48 "Net-(Q3-Pad3)"))
    (pad 2 smd rect (at -1 0.95) (size 0.9 0.8) (layers F.Cu F.Paste F.Mask)
      (net 1 GND))
    (pad 1 smd rect (at -1 -0.95) (size 0.9 0.8) (layers F.Cu F.Paste F.Mask)
      (net 51 /TPM0_CH2))
    (model ${KISYS3DMOD}/Package_TO_SOT_SMD.3dshapes/SOT-23.wrl
      (at (xyz 0 0 0))
      (scale (xyz 1 1 1))
      (rotate (xyz 0 0 0))
    )
  )

  (module Package_TO_SOT_SMD:SOT-23 (layer F.Cu) (tedit 5A02FF57) (tstamp 5F74F7B0)
    (at 139.827 108.331 270)
    (descr "SOT-23, Standard")
    (tags SOT-23)
    (path /5E6A63AE/5F7B6358)
    (attr smd)
    (fp_text reference Q2 (at 0 -2.5 90) (layer F.Fab)
      (effects (font (size 1 1) (thickness 0.15)))
    )
    (fp_text value BSS806NL6327 (at 0 2.5 90) (layer F.Fab)
      (effects (font (size 1 1) (thickness 0.15)))
    )
    (fp_line (start 0.76 1.58) (end -0.7 1.58) (layer F.SilkS) (width 0.12))
    (fp_line (start 0.76 -1.58) (end -1.4 -1.58) (layer F.SilkS) (width 0.12))
    (fp_line (start -1.7 1.75) (end -1.7 -1.75) (layer F.CrtYd) (width 0.05))
    (fp_line (start 1.7 1.75) (end -1.7 1.75) (layer F.CrtYd) (width 0.05))
    (fp_line (start 1.7 -1.75) (end 1.7 1.75) (layer F.CrtYd) (width 0.05))
    (fp_line (start -1.7 -1.75) (end 1.7 -1.75) (layer F.CrtYd) (width 0.05))
    (fp_line (start 0.76 -1.58) (end 0.76 -0.65) (layer F.SilkS) (width 0.12))
    (fp_line (start 0.76 1.58) (end 0.76 0.65) (layer F.SilkS) (width 0.12))
    (fp_line (start -0.7 1.52) (end 0.7 1.52) (layer F.Fab) (width 0.1))
    (fp_line (start 0.7 -1.52) (end 0.7 1.52) (layer F.Fab) (width 0.1))
    (fp_line (start -0.7 -0.95) (end -0.15 -1.52) (layer F.Fab) (width 0.1))
    (fp_line (start -0.15 -1.52) (end 0.7 -1.52) (layer F.Fab) (width 0.1))
    (fp_line (start -0.7 -0.95) (end -0.7 1.5) (layer F.Fab) (width 0.1))
    (fp_text user %R (at 0 0) (layer F.Fab)
      (effects (font (size 0.5 0.5) (thickness 0.075)))
    )
    (pad 3 smd rect (at 1 0 270) (size 0.9 0.8) (layers F.Cu F.Paste F.Mask)
      (net 47 "Net-(Q2-Pad3)"))
    (pad 2 smd rect (at -1 0.95 270) (size 0.9 0.8) (layers F.Cu F.Paste F.Mask)
      (net 1 GND))
    (pad 1 smd rect (at -1 -0.95 270) (size 0.9 0.8) (layers F.Cu F.Paste F.Mask)
      (net 54 /DAC0_OUT))
    (model ${KISYS3DMOD}/Package_TO_SOT_SMD.3dshapes/SOT-23.wrl
      (at (xyz 0 0 0))
      (scale (xyz 1 1 1))
      (rotate (xyz 0 0 0))
    )
  )

  (module Connector_Molex:Molex_PicoBlade_53261-0371_1x03-1MP_P1.25mm_Horizontal (layer F.Cu) (tedit 5B78AD89) (tstamp 5F72E0BA)
    (at 130.81 120.269)
    (descr "Molex PicoBlade series connector, 53261-0371 (http://www.molex.com/pdm_docs/sd/532610271_sd.pdf), generated with kicad-footprint-generator")
    (tags "connector Molex PicoBlade top entry")
    (path /5E6A63AE/5F3F4C28)
    (attr smd)
    (fp_text reference J3 (at 0 -4.4) (layer F.Fab)
      (effects (font (size 1 1) (thickness 0.15)))
    )
    (fp_text value "Thermosthat - Molex PicoBlade" (at 0 3.8) (layer F.Fab)
      (effects (font (size 1 1) (thickness 0.15)))
    )
    (fp_line (start -1.25 -0.892893) (end -0.75 -1.6) (layer F.Fab) (width 0.1))
    (fp_line (start -1.75 -1.6) (end -1.25 -0.892893) (layer F.Fab) (width 0.1))
    (fp_line (start 5.35 -3.7) (end -5.35 -3.7) (layer F.CrtYd) (width 0.05))
    (fp_line (start 5.35 3.1) (end 5.35 -3.7) (layer F.CrtYd) (width 0.05))
    (fp_line (start -5.35 3.1) (end 5.35 3.1) (layer F.CrtYd) (width 0.05))
    (fp_line (start -5.35 -3.7) (end -5.35 3.1) (layer F.CrtYd) (width 0.05))
    (fp_line (start 4.25 2.2) (end 2.75 2.2) (layer F.Fab) (width 0.1))
    (fp_line (start 4.25 1.6) (end 4.25 2.2) (layer F.Fab) (width 0.1))
    (fp_line (start 4.45 1.4) (end 4.25 1.6) (layer F.Fab) (width 0.1))
    (fp_line (start 4.45 -0.4) (end 4.45 1.4) (layer F.Fab) (width 0.1))
    (fp_line (start 4.25 -0.6) (end 4.45 -0.4) (layer F.Fab) (width 0.1))
